spawn:
  world: Lobby
  x: -780.5819478971214
  y: 7.0
  z: -502.473062698298
  yaw: 90.300095
  pitch: -0.3000066
